3.7392084461891413e-06
-6.830361793989728e-07
1.0527910692407465e-06
1.1723218618338443e-07
1.9524207400431453e-06
1.3145252910700782e-06
7.312137021064746e-07
-3.67457909821774e-07
3.2834836836596843e-06
1.7040426973099195e-06
8.515490907955428e-07
4.901086904555456e-06
1.636850155426284e-06
7.018671978465974e-07
6.616240378145203e-08
1.2034379630832766e-06
4.65369086691323e-06
1.0442567955661644e-06
1.6043779399170743e-06
6.110355797619211e-08
1.4241449001321504e-06
1.5193592906991236e-06
2.118760511360753e-06
1.1620090010986634e-06
6.67628814029222e-08
2.161219942908635e-06
9.334248398824752e-07
2.706763498597513e-06
4.4186879990822113e-07
-5.152379895216965e-07
-8.425436124564242e-08
1.1406438713386786e-06

4.140589069574535e-06
-2.6537905619889717e-09
-3.268218140945223e-08
6.436870325352793e-07
1.8918400323817936e-07
1.4457376780109969e-06
3.77751566846047e-07
6.175604781554836e-07
2.5895768216538504e-06
2.025779757960095e-06
1.576041197333196e-06
3.962264826366433e-06
1.1496097711962704e-06
2.4340517228479284e-06
3.080414600163533e-07
1.6403169310023733e-06
4.17819658874175e-06
7.538022012798093e-07
1.0801860564222515e-06
-4.685445698456844e-08
1.0836445978879353e-06
1.827658421411211e-06
2.3507614410071936e-06
1.5939591568125491e-06
6.562755007188731e-07
2.5195517239629544e-06
2.7787017511639067e-06
3.357216136468768e-06
5.232060806949524e-07
5.497405443924881e-07
3.1564772860520844e-07
2.3162597589813225e-06

3.8182874182519485e-06
-7.621409373991054e-07
4.050926577082298e-07
7.478471632705148e-07
3.91729219071491e-07
1.406489733239075e-06
4.652266507509565e-07
-3.1378973896824485e-07
2.131514546747652e-06
9.636179791304283e-07
5.135471539360483e-07
3.639613692604535e-06
1.2548750517329927e-06
1.7472308051097837e-06
1.167470356565749e-06
2.5752429027695864e-07
3.6542826381917312e-06
1.3988079806886795e-07
2.164711593165188e-06
2.1055917845824436e-06
9.011415047682951e-07
1.3322462755945913e-06
1.4731661632471095e-06
4.188307866453428e-08
1.8611114267590593e-07
2.2371445926668243e-06
2.0198303802480043e-06
2.4004615546156505e-06
-7.589246919762644e-07
1.0571934784102791e-06
3.4225361429035555e-07
2.3391866873910057e-06
