1.936829932431484e-06
-2.0661589895571054e-06
1.8944480755532248e-08
-1.1940784539217758e-07
3.6671836461056373e-07
1.0331576203745992e-06
-8.846137593477684e-07
-7.935428361646751e-08
-2.581165556230022e-07
-2.7703771096547442e-06
-8.226777149309341e-07
2.00816578663015e-06
-7.437783662554144e-07
1.0971835926977799e-06
1.721459878539825e-07
-3.329354562582143e-07
1.0742487735119463e-06
-1.0452471698275343e-06
1.2122328779343872e-07
1.2285064441383377e-06
-4.452203550449578e-07
-2.591428203648283e-06
1.6720576490069944e-06
-1.0600843937649392e-06
-3.107287785414703e-07
8.478743451556266e-08
-4.313596442147139e-08
1.1906171671462938e-06
-2.259022619011217e-06
-1.465483477668823e-06
-1.3558128759665468e-06
4.980722184522302e-08

2.930005437524604e-06
-3.2443910214679833e-06
-7.227904569319423e-07
-1.7290701892571502e-07
-4.826037710763376e-07
1.2801803868337403e-06
-1.1565709600738576e-06
-2.62553411904878e-07
7.994574053539599e-07
-1.9424125928930948e-06
-1.1641833398916602e-06
2.146682377471046e-06
-6.747963639607983e-08
2.7248368447942323e-07
-1.5784979276414648e-06
-3.2914866132411734e-07
4.106508190289814e-08
6.79976675329033e-08
-1.445983183376473e-06
-1.9331637592340072e-07
8.915871281785833e-07
-1.7155887945666167e-06
1.6491018204932369e-06
-2.3382665752343737e-07
-1.3016621972623699e-06
1.56637872866081e-06
9.311262285842276e-07
2.883705426253645e-06
-1.2918532058081133e-06
-1.977618223828628e-06
-2.332554721048451e-06
-7.251833375279635e-08

2.895344957721437e-06
-2.186814013683725e-06
2.0865137484501618e-08
-1.9552364683791837e-06
5.449006120467416e-07
1.1484061531659664e-06
-3.076589974086209e-06
-1.1004861499080696e-06
1.5477144419107872e-06
-1.3732981392423575e-07
-9.926062523507977e-07
3.520106891004098e-06
-1.8772743994825426e-06
5.142639642378532e-07
-1.0322487623055744e-06
2.1380649605180732e-07
2.306722342649062e-06
-1.554947198634413e-07
-7.468841088093077e-07
-1.0285446631784685e-06
1.5402730698368337e-07
-2.730411729076027e-06
1.6813272191455915e-06
-8.475729613443356e-08
-2.562975434549834e-07
-1.013731677275227e-07
-1.1360973700119021e-07
1.5949008467313025e-06
-1.6126761933465662e-06
-2.1505289944200436e-06
-2.0057578084218544e-06
-1.2876487936381068e-06
